6.296317413388483
10.48849669547388
-7.653554649243777
-1.2769802028229655
8.386609657316601
-1.3101818674292165
13.82241876488806
17.782850821761603
9.488761624171788
17.56547027625983
-2.974749570977613
15.63791431687796
12.909418782835921
6.676476019493829
6.2743339482916625
3.1300090956753213
11.812224575407505
7.906830299528146
8.92103865345677
6.779179967277772
19.123708295653355
4.4905753551747445
-1.0627748149075735
7.647168781833505
12.265381333269694
18.194652069813316
3.9252175007009953
20.642309116255028
9.033032421033178
14.60325209438793
19.059779604072375
8.251722548651715
22.999737005823192
6.2849847972048725
8.267938616234218
-4.230568304300878
22.949579323568514
3.932185881956789
23.34842786717831
26.166300014288424
19.04024839344472
23.184035151224286
15.005642989982322
26.42835462500795
-1.9694204176726497
7.733260439352962
-4.027488017457637
26.131358008497866
4.999843466714527
5.809483981133386
3.433286584193728
-2.8118414388774937
14.8702057366136
-3.070257107159458
7.828612077519345
-2.9459572770916314
-5.169634610154221
12.318014626221785
1.6342324308118918
29.534677890360243
3.008416194458814
10.137774717723142
2.6135358501638626
-4.251843035041524
6.771876238197894
5.0830935856751776
-6.896452165899653
8.34458675083817
10.75935402127197
10.005528206483582
18.361913268752645
-2.8285234328346363
7.566037515530065
-5.56141099443396
16.6703398649116
5.63686750426476
-2.8749942644805078
1.7221143244245454
7.877772814271315
11.32643730296331
-1.5492646435898614
11.961653119749009
5.109926095772762
15.324605717991393
10.811932454829469
8.310943377084588
13.30900337995168
-4.2913338484844274
16.16488899465282
27.24908840287959
14.841895572519558
23.952378499405384
9.374636875922887
18.80952239772945
14.45064396199048
32.29607956395504
0.29953803196251805
1.860634121675961
21.45220390056304
3.2599369852375233
-7.992618001238547
13.468001419249779
5.532489793124523
-5.44033397458978
10.993446603565644
3.92193856967792
0.8990089853326104
6.783455633985545
-2.5129818499194823
12.939441737253953
3.278101593351014
19.778943722973025
15.52651264529238
21.966296582012006
0.16075513420153342
10.591618639724237
15.736865427674438
1.613764582633756
26.39279124664442
8.010288498355797
0.8454605764955172
23.399183288456733
9.21030172032939
6.262001661978029
18.54679511153287
7.73254212650601
11.962195358711403
-6.710518439929803
27.555462499526776
6.401202208542259
3.950016514667766
12.590739571735202
4.132036532433622
-2.206623905576784
22.678929630687165
2.148662418551215
10.030562625311193
5.611902736153596
15.48729141390648
18.61460078157176
-9.38681035538671
20.711500419944997
9.676063640773917
-4.4616804462194395
13.012093869941705
10.405033718169706
26.063186033539353
-2.4659255756752074
17.246120783353096
7.941784795329653
12.522610151823981
6.398722603978223
22.4661830432765
-8.383686943263353
16.17518121514385
4.341138273689081
4.316882023924977
16.797081630529
-18.282171335536077
4.611090524730141
14.02843646455127
21.62031671489621
13.306984667613754
-10.903948467610412
6.7205132745802185
17.381566135361666
18.71189154565976
2.157267254601008
18.04733261972999
15.811918076378912
12.777684144133094
4.057909854076466
4.761939357278192
-12.136814288262062
5.566061059273764
0.3602341804580611
-4.18932770292896
2.072174686794355
5.66343014863384
6.319757966394476
7.5466908031345845
-17.248376711606692
22.602679920815
-0.4183224511669934
0.49689222553466905
-8.57363470846012
-2.3170209482508053
5.963671155173487
24.620434923043014
4.082794871111302
-24.071891353671653
25.6909298620759
18.285816103480542
-15.004286328363179
4.329405459101231
17.559650174385748
2.938140033814669
11.087731100495082
2.7588047282139314
12.369868554525908
14.3201224744018
9.304776019268521
18.58346365442563
4.786766049769929
1.5070855184611531
17.186120931054596
9.969595377193267
26.54310412623864
1.9677286174724333
6.070757815618695
16.53663112563647
9.116824754351521
27.264547687343985
15.17852947699576
-6.941928035698719
14.32007441439751
1.8710814846208663
4.80205248673975
18.336682535156942
-9.787681625625531
5.857795149102393
0.1664621756269007
6.6947553559162625
-5.037058070214144
-7.531795624428259
14.0300841491681
-0.5595383045312463
-3.955505543141758
19.31087036557163
6.514108574862711
8.307758201022423
4.61153129160723
1.3919055987493767
2.9451714418745993
19.514451291781054
-4.60328203719884
-5.894817606632232
1.4537397059767638
17.76817678166844
13.6528316045355
7.4272671655717115
8.545814695224873
-9.108608222381388
6.57400845677081
8.503777351268093
12.910664555657933
15.946823232261089
0.12579015848171515
4.64497128850358
-2.1474327384300995
9.697304843312265
7.252159883884424
13.376940598234402
24.943294944807008
28.396319352845225
1.020984367096542
18.912943889162886
25.785253194200266
11.107399297472528
5.175735318980401
20.535530191608792
0.6945437435567321
3.0513076560871504
-25.101539121114406
7.507943411912203
17.05402215108833
27.283009593222406
22.991900446952766
19.375714521586005
18.987719023292918
1.9860460030581155
21.622164326719535
10.184908760094505
17.641194054264638
-4.53964634681126
13.535678792770831
1.294326285983832
-10.899706864975332
1.7020754828185698
12.969440131534164
6.100645167326773
3.950543437786184
3.5375202465397066
6.075145366716233
16.375506670842505
11.624556741922788
-7.4762442930537105
25.696463444547597
12.941850421157174
15.986286847578064
27.41553550090867
7.907024152542815
11.64440839309232
-1.8186422179388586
-4.738405512808244
23.5485210444266
7.442989826480176
24.866094170285535
4.182346686404004
8.168219918665166
-2.372429086121798
7.718498844362647
0.46033950702027937
18.780917440684632
1.36351983177145
1.092623367652065
9.445662758491242
16.645065781188684
-2.4460297578094288
-2.477506368369376
10.112748307095103
2.2098032244277714
17.581494419303407
0.03796268894405941
-7.282167732417342
11.76489868402407
3.450934348405722
1.618409191968258
4.928021102449639
25.159232597114226
-14.20995036180802
14.274363279045264
-14.92936026362809
19.129518481419517
12.72513141109503
2.1465861033164257
14.376294500787747
-1.2454224842827024
5.800897557164772
5.624154341619885
6.793659258290303
15.916448123017409
16.996217056660555
15.441882764591366
7.949731659619653
15.747800580690381
10.58926951791024
7.474832433159297
28.511388709745894
-9.71902058534145
14.610854812908535
-3.346367855601887
9.216339577915296
14.213632303576595
7.274727653726504
1.0539805807782532
6.197490860088693
16.11940153329993
1.8137524244153251
7.871964515818229
16.69482152340044
-1.7563359033627748
-1.564700474020599
5.764027233403395
6.927207571135872
12.922444452395368
1.2802656282217146
9.038768945060955
19.10345129550904
24.180902155628424
6.3533839725832095
19.84231466345525
10.37811645678188
28.233304789956463
4.651964664761488
-2.518486535190881
8.138492788060073
-6.405010983710962
0.4258376828648185
34.905792758641475
12.788244486075788
13.010112479853685
4.591448683062703
7.142113959298081
14.506824206194556
21.7952099253313
8.209765795244564
4.677651963653852
-4.841726515756379
-0.9400825036181697
17.487046770220097
8.106207114459785
11.002932988607824
17.95421383221637
-6.527508635461302
14.632742743890883
12.992610015456709
9.974476592794959
14.218794752188066
-10.86367573310875
11.294208330304734
13.916637832241053
21.43525206818289
17.272091016594423
20.581195244555673
0.05408731346749107
10.89084447703103
14.572407214513749
11.471989223451978
3.2718977556562345
12.233509770632764
3.5544255743490822
-0.7323516124952771
7.943394996922347
9.373755918216693
2.46413939483047
16.186015798369333
9.482420322904677
10.46398680334009
6.142227161029532
11.365696843944653
12.091511615647034
-0.8246038424051054
12.398626781447375
3.943263213214429
6.206577616937265
-7.45904761981587
11.409642230704982
6.802866748105032
5.008464463550663
35.28503240109622
18.530650261601497
16.790114600370174
2.196025255754516
-2.619631368092479
12.34291347178441
14.751847706400689
1.1861100628451293
3.1901204382870585
5.738450061806858
0.6732629385238802
8.58193509641267
23.513298154492315
2.5321428789754963
34.86845079152796
27.088718370903795
8.817281293228705
0.04392981494000203
32.05225027202202
2.053222734888455
22.968440764847536
0.3897547556702978
14.698034583375563
1.4144472981012015
15.084870621441624
8.459026963382572
4.406546545749483
7.428039033932627
-6.983330543244502
14.357731489825358
7.638732821305295
25.984746326925148
1.0117820680785705
26.282419940593886
21.06776731222728
2.213808527303801
-0.6708060886159473
-4.602628576835656
2.754404253408537
-4.358697588945539
25.031997355118143
10.529162858503476
-4.985684347581838
7.264138148739953
23.45704065309757
1.3909586003558125
14.574126814871942
16.361543159978783
-0.523739868506528
12.549277191719387
5.634895939418975
22.82212630912974
11.72858390198243
5.627124689086346
0.32021898280110683
13.980793070777938
-3.9012228014337946
14.987088488781758
28.39281450782806
32.48131657347064
26.053503795551297
15.905803129057105
15.04693184424318
21.13914002851346
3.939636837162851
9.902974020399684
14.50285504749245
8.333164628301095
16.091711736375764
18.69213183354079
4.784539558781225
26.679042697760813
-2.476045330190635
18.613527442735922
1.4998513299173801
1.714080860375475
-4.0604667035269735
16.692781034844653
23.693504764094637
31.29956628015208
1.7140580732853703
17.426331375802942
8.750249378207013
13.71167657111309
6.771223873172584
-1.8076414713116602
-2.34268241083711
6.529208769052193
11.6960009965625
11.735974545600165
21.596127975685423
19.40657733209656
5.364186393165774
34.614047855516816
5.5417231293567255
8.213478408457389
1.6171413988403724
19.16087712123465
27.37829139147327
32.99141794529197
-0.24820368361179845
27.727001579732192
38.93804660500743
11.38867283513819
-6.377931266429943
-0.25689128056324506
7.755642259255064
18.41382513552055
0.20270460940602675
24.63826430249071
5.120891507084429
13.318122761339783
10.626681275521566
19.32383147230084
11.37108346388229
2.3891417470495346
16.43638839410901
9.506765042434743
7.934946311545971
3.8305785506155647
25.15286879770729
16.584165418700014
13.652086671459118
5.311873249926467
1.6451876314837826
16.478930981017637
8.917768598325207
9.257906941227425
9.326488225994778
15.737484634910919
27.694438275986105
-4.695249188414493
6.216138817730757
-1.5328988418525924
30.780229794493835
-3.6962823609776834
25.598181118671533
5.256737073251156
1.246251433786414
5.7579327843982995
-3.1155631524721894
20.300191683320264
10.98099665894799
-2.159200375998495
15.410133929195412
11.574133445112594
8.762583906223975
19.735028244129857
20.273078138928458
0.6486867960521643
10.877496770631192
7.3738200373207725
6.431383054485049
17.14032482162417
-3.1708559834161676
5.258468460765208
28.424859480671913
4.223661348059668
12.487574619287976
2.9256125180026373
-1.3657345392859703
26.62968314735808
14.651508581763377
14.989220742751696
27.40420577894199
33.395204921005295
25.51819205571435
1.9914294680759017
0.3319870470431372
19.8799518282167
1.95070216086064
-2.7678201291513176
-6.864837716422038
20.27501491942023
6.809395020803683
7.6797408992420175
5.509553617833217
1.566393286861878
-4.612160645971027
15.320981807164817
26.64234804411673
14.56995980239224
15.954741499977448
12.302100104413423
7.476094477634826
12.492809718312007
19.385627926655744
19.008264979760966
5.9535436708067015
4.352166269880337
-4.481248648587023
5.490460972403845
-1.809764404904275
16.196578561089996
7.491183042530244
7.53628921993308
9.847303495088454
5.673910406305139
8.037610872482567
11.318735057928091
23.549822907037047
27.373194782886607
6.068700208622364
1.1998751775512169
-5.842298054955332
15.513305305255294
18.807378112824757
-6.44226744884341
7.73319723801437
2.4113125583373183
22.231475944496637
-4.232038716242974
-4.236311830545432
21.51755619770345
11.592756103305147
30.825570877209287
-4.261501924805405
4.02971165002665
31.3129590086594
0.7871587655751426
15.07546441781868
11.04057719703718
6.443127425453691
-6.642532696469111
8.73875491589489
6.680894844578221
-16.20374249161638
24.121537959538315
13.648787582848332
15.853299344520035
21.77305987121497
3.176742964543953
12.788638299466513
14.318265159777217
17.651213498778105
7.059304128586769
17.548843655715345
9.200254644358074
12.577912594247163
24.139608710172418
-2.384291114414456
4.804403938268554
8.121172059388927
8.196308166708466
-5.862727133526462
9.437160346043667
14.728761619444379
12.847517028034089
8.673244619644068
8.119113020383168
-15.613155567379813
12.364037450840213
-9.52579813550183
24.9922347288435
11.728757770123991
-3.726101770816989
5.374448450608434
16.854764214802145
27.37179030607106
18.514412358329565
3.0625547348997415
5.206512738560219
9.22673225521639
1.4575942662915882
20.692670876918246
6.173535532227431
11.05518469365802
0.8830991318467394
0.9574949796305408
1.6476950441900016
7.8345323825547375
2.306385210730202
0.9066459056471725
-12.009352075211716
-1.5747228026660025
16.196796886609885
-6.602220319019128
8.368112911797313
7.73803928825409
-6.770662062996845
0.776117570856039
15.265218366253936
14.230823377921306
-4.54271817202274
6.11727141428433
4.4187214067494365
14.41163482267028
19.09981105994939
15.895182633934912
8.65329580716421
12.334218207307524
2.370626420485382
-1.8484700576340263
10.383114439752127
16.863793780022803
4.275353159252257
17.014860800254148
16.017104791677376
-10.154008285099096
6.768174664979932
-9.011837964715685
-2.7483668337197784
-8.067948803740524
6.628152808783086
14.807017537281563
-11.027168431140652
21.14478223172206
0.8466553981490268
2.6615092831686935
18.898301745437838
17.582579701375547
17.57696856748573
14.174404939845086
-3.2910190068043725
10.472501520904155
17.687862707896254
14.52075115921085
23.450382904026796
15.055731959374215
-0.20783612054556855
-2.8755995306945437
27.951008174409896
1.4592155700874603
15.36152685810641
19.232017281397873
-5.1681913706830045
4.174941508953128
32.027768679204
6.628273458560625
5.160198744877353
5.690011503578866
17.584649314826976
18.924444609009385
8.957086006880752
-13.656230347349307
13.690309213037185
15.838357039633927
16.188050166068855
17.4142791127386
13.673884450229778
16.258057980290555
26.449779758653047
5.713444630564937
3.718793123379803
-1.3452903132004845
18.82343341219581
21.669105247499857
-7.6113290393568604
4.3422688441886255
8.106824272909137
16.058233713883887
17.795470299106203
0.09541649414810038
15.412927884201057
0.46040198421017564
18.237493633342698
11.937076381289485
36.78137473111763
15.747850262771054
17.223114069547353
26.56818458973889
12.345084862089164
4.0995452384712845
0.8213496247270253
10.975943018055743
-4.1328903924611975
8.22801147005245
-3.144903520581291
15.0010424683917
-0.22453952186600112
8.649316541173537
24.83767119694194
17.026330444304016
18.723863396975496
24.89988401241376
19.21298505318209
24.26082695995304
6.686587105520005
25.50047273769822
13.714518782442909
12.218567466829604
12.811244931478047
24.067606856953134
-11.076178676532543
-14.657309829940928
16.281600281145714
26.02074188324046
11.399931892608922
14.886389591918611
6.316415965020845
6.432176992006486
9.301975787857554
3.7151863547216104
22.5718349659396
17.75488492122284
10.589258108150597
6.559801854671486
13.799145900960113
10.868869475786509
-0.9966080321068773
19.77983350941085
9.074970026555722
0.8883978595799142
11.474462170398818
20.03365888211277
14.393636735098939
13.838698571845725
-7.670033338874195
5.6115309440662315
27.666399292963895
9.796682420378499
-17.217965203404635
8.937357403694149
4.967829508020651
-19.134347011463863
4.980167414098008
14.910664717643806
13.601361460306958
12.094708847158385
-11.361503636761533
17.72620533071669
9.003661366695917
0.6403751082698772
6.801557963389117
8.957627283084555
23.002254228760652
11.885218710765093
-1.0291152367310339
11.606120313340854
24.9832451503135
14.617155279091259
7.081175735306989
0.09663956103366367
7.81675858840719
4.661096063805018
4.024507104955351
19.087895771618953
-0.11610316044015079
1.483914900740599
19.51627434141802
13.295282227707084
-6.234033701381804
-6.834988054322299
17.97550134717166
10.776236391499154
4.968698305679617
13.318334976175406
31.00567760471206
14.810868958755465
5.966298175747486
28.24404586747932
11.984871134100622
6.092193366470493
-8.404285260382068
9.80114443728725
-13.871008622700153
3.3800150033539866
-0.40071734614523535
15.237682736618918
2.481039447283111
-0.10349756242031205
3.6357999324637023
22.912492113477665
24.369462175882042
6.709242931510711
9.115347967165935
1.8083743932338372
8.611911457527698
-2.795838495800824
9.562397006885693
21.17263372727723
1.920081271600111
2.545309883933892
14.480179784302132
19.97521859217234
11.090558217557666
8.518840137541599
6.615183896573189
29.66815077941235
-2.288323776267953
24.044719202833754
18.758670826687023
11.156503251407383
15.32387343995078
17.737535122304937
8.593944136872274
11.778629717647704
29.165036179782284
2.1948556307736675
9.371279652345404
15.194264872814927
-4.789852217709392
-6.7604150736806545
16.29160540990953
0.4478210069133475
23.581966802988415
21.219480017157515
11.592289720864148
14.9607365235876
-2.909274410487704
-3.00069666888772
5.182386947882636
-3.6260033964564684
-3.5004849522054364
26.169738669340063
24.384192088683946
6.744269497325781
-14.372298828029756
17.761005920301894
26.975674053747113
-4.756977844661801
31.220118330418458
-6.883587093494366
29.30935006173626
10.328137398026623
6.021931039014494
-7.029253688266252
15.463164326246975
13.446947621215434
5.049000434050832
5.666925831619992
2.678212425333185
15.089390163508533
11.46525161860443
5.474984366742382
21.232754976703458
14.117573304584042
12.218209895825272
18.142869559449036
9.858383335423625
4.389475163379764
5.890758291160585
-1.1560572411118013
15.544046457858318
21.78314987449125
4.066227204093289
3.111880832202675
-13.842882839091697
21.4600725261205
7.2617792850662966
-18.498850769343562
8.94106530702709
18.89273944039057
-3.422277606609523
13.791684284145678
14.34656526605581
18.046742606713984
19.127565710973727
-2.1229630457231075
14.515790588918746
7.581224294321028
22.48881613997096
11.675656101270194
20.70794416191074
6.579250670048061
9.756783122201858
23.630747727077825
11.071076805666893
25.864331450959867
16.794578207968964
25.8670470470417
4.306759784675087
21.83173147296624
-10.307701224520724
-0.4804235213801622
-0.3898295496454356
14.765837642900932
12.751915994655455
2.888507527223946
7.839461232841977
-11.925458562857646
14.014035052278723
25.577427571987247
-2.7629375529203983
-12.059144171843972
3.268322717894522
6.314117794597561
-0.8725406631226189
-2.4924153562327955
5.755990346876429
