0.30592102916211195
0.4537512227794933
0.46901093381844894
0.6291100701613165
0.9494921285239231
1.0549702120355868
1.0601537707508362
1.1157367349938603
1.1174235475617356
1.1334174284669398
1.1581563898845877
1.2059476714814867
1.2211475457306007
1.2528899840959524
1.2885519842370128
1.2982150064637876
1.319707771037825
1.3405652601389686
1.3517419587261146
1.380472497855484
1.4268282204776228
1.4333426275798693
1.4631207435623195
1.498509066186597
1.5013980311598116
1.5054157533656056
1.5344852704346483
1.5354107880128032
1.5431547118903293
1.5507660563829293
1.5785386299785211
1.670555906886677
1.6737640430569214
1.6894845349891305
1.6994690933081649
1.715478610361898
1.7426915285310947
1.764867088374793
1.7873793151288835
1.8002884555156442
1.819719598946737
1.8226372555464878
1.8382049744821254
1.8425615761229466
1.8584175901309017
1.8883195330485023
1.927910921510383
1.9602447463559802
2.0152954689274685
2.0325107254631547
2.0360873229843697
2.064712318453327
2.065739779536682
2.0848248531410443
2.114093413430678
2.1484903448608086
2.148805437545933
2.148944316546044
2.1579653749106855
2.219825420741793
2.2407589651448054
2.244064087051521
2.3127800285781515
2.342510309313654
2.370422069836435
2.39277982097753
2.439800301705869
2.4685568538748095
2.486094303777975
2.5036111589847887
2.512749312929466
2.524387673166313
2.5291837079310238
2.581537995301393
2.587111920075078
2.603430353307898
2.6360331237872807
2.672281350488434
2.6760369794019394
2.6869335318446685
2.691090736138606
2.7463171204126304
2.7482145269452203
2.7905158080400754
2.79484246367828
2.797241802563651
2.8251912062239537
2.8711788759705876
2.8949766860316926
2.9546356609265674
2.967636730972769
3.027334353273795
3.06742883705737
3.074052840587686
3.104440423351678
3.121975812723034
3.1530532958319757
3.1790767024184676
3.1840289465538625
3.191378389816931
3.2035062523239333
3.2750339334828156
3.3011304078494432
3.306181097956885
3.313446624947729
3.3374104954819312
3.342581126581053
3.3552141197346157
3.4287054871056304
3.4296780496120083
3.4410820240372373
3.4602675394774134
3.469795484282108
3.5097550683110343
3.5343370491705457
3.5491596203741214
3.5671892699266827
3.573809178286627
3.619617366696142
3.622533639917264
3.632288876034563
3.633652403754275
3.6361734596112507
3.6387867722044653
3.6401862663344957
3.6444584337723915
3.6457450953664763
3.6804664676568293
3.69585118121777
3.7128803168364803
3.7190703886771823
3.77277861483656
3.7984207278053166
3.808775007951267
3.8165342846845944
3.863855908895699
3.9013690162242263
3.930592169335435
3.9672791815604462
3.9772799898621933
3.984158007780845
4.000828364438523
4.020132927086512
4.032850473110813
4.049994634168205
4.056992645773632
4.068096253942473
4.095241470253034
4.09805226779411
4.10054793673109
4.159131192393113
4.171772789405845
4.191272947314944
4.210004812239144
4.219075501694607
4.221056268588045
4.25470643736184
4.279096258344896
4.29768304380883
4.317253312506355
4.332304322699112
4.346408590007844
4.399639322832013
4.412015240019004
4.445709431476425
4.457096134942462
4.4856528655854495
4.4959976885539525
4.524047492745304
4.532208411083252
4.5331784300014615
4.571167083323945
4.6092712442144546
4.618039031316419
4.6677039920210435
4.677479607279058
4.684224077098378
4.736014830566003
4.748650332705345
4.779119603051172
4.827521352076305
4.8378254893564
4.858109477248595
4.858791555687882
4.937276865219446
4.9571660861026565
4.96426850719503
4.983006958834179
4.984864901983601
5.0791745977754985
5.136108325247653
5.147636342441652
5.1531624172462545
5.180968701265182
5.181577990702432
5.192345502477216
5.194438035463102
5.225730703089127
5.244004262021721
5.328984727281231
5.354670022844319
5.4008126951587645
5.457737904672834
5.463052781993662
5.513306298934233
5.523644297894251
5.528659887434102
5.548226340049614
5.5528544198440635
5.598343968615362
5.5999002887469365
5.64347718454844
5.651197516890726
5.661996537841349
5.663095677686578
5.7367152465602675
5.7459052385360145
5.753514059795778
5.781061790087635
5.8227958143269145
5.829813056404706
5.8434787564744735
5.869447859547611
5.872373907110205
5.885708672474489
5.895347505302932
5.910817408135733
6.061238488175146
6.075023431376672
6.113330557629811
6.145703290011705
6.186143875730863
6.225985291019533
6.22847808404695
6.2918680542285825
6.3805287334274166
6.385620670799298
6.406516057405347
6.60238403372516
6.609726082660533
6.773433053891689
6.923225949752792
6.964357144030862
7.184754143535644
7.193266600664738
7.256284370184029
7.406833848727651
0.06760115285896925
0.38515300733478597
0.4022539052300233
0.4166955436342292
0.4388963821779598
0.4844893442830202
0.667002424544129
0.7075793448745812
0.7485832674165089
0.7725511962587022
0.8671896239886516
0.9229215050403339
0.9419179231406027
0.9595883654401144
1.1325524982370903
1.168764927976007
1.230683067474253
1.2943399367747224
1.2995102805427576
1.341473369265264
1.3746834097089933
1.375296396060966
1.4072351805882453
1.4844811293388607
1.5485085937097496
1.5795616718213052
1.6107284276299014
1.7520933641709542
1.7697969890590186
1.9078202482969364
1.9434468250750363
1.9556501280414345
1.9673493874760557
1.9685739854257056
1.978736977276266
2.064219356931752
2.0692277918164264
2.3197883306167597
2.3589051966212855
2.372918613872624
2.3976349915651407
2.4010164801539995
2.4772537866532205
2.490925646820726
2.522539592841958
2.629855756447278
2.7250612312998816
2.7577378520206675
3.2054555098021655
4.053034952480022
0.32615527240358716
0.3360143553237828
0.5012767524944116
0.5197456758750081
0.5719839469692378
0.5928893376389631
0.6465218433383149
0.7192594744847174
0.7998471368200812
0.8401182449089131
0.8481831061719033
0.8984940343693714
0.9421502469948134
0.9900233533172114
0.9947957801779099
1.0384722882386541
1.0947312454328655
1.1590651438863735
1.1613715471014656
1.1741573150254565
1.277591657522922
1.3083148449812598
1.312567811542143
1.3187537045943813
1.3675341651367727
1.4076804774588942
1.4347676701017822
1.448237737644526
1.491337372154598
1.5013605411151014
1.5281373256789228
1.5342429181316826
1.5851542199721664
1.5875011039316655
1.618338874878304
1.6302508688832757
1.6874302491359903
1.6896356307609177
1.7182227572107878
1.7208059727535254
1.724507314237288
1.7351999847254944
1.7378857941606558
1.7378869727141695
1.7616202845691544
1.7740913309346498
1.7862525763837862
1.7913978266326267
1.8060057741916684
1.806393769831101
1.8167575731770254
1.8258550154682505
1.8612318442673017
1.8810500827855314
1.8949772022028193
1.9856637623122504
1.998516657676262
2.007225380188989
2.0258976159777307
2.066912259975712
2.1040483976721935
2.127036587900683
2.1779823685013575
2.261935599536947
2.262379207309735
2.2978472290775236
2.2982852000932246
2.307855669833294
2.31784538333869
2.4056604796241614
2.4069516610593227
2.436182831223648
2.466501441497374
2.510639429542539
2.521641564243951
2.525060240187089
2.5361858018119703
2.5410766482914946
2.6458110384245455
2.6465633965692468
2.7219480687895254
2.7354555379064798
2.743031530793693
2.786009725574476
2.8047896211125765
2.820054669871209
2.842840538454806
2.882246529729964
2.900326709583619
2.9059331468340632
2.9059466074265483
2.925566064957664
2.948501836791199
2.950501737017534
2.990765156482244
3.019545550697061
3.0202744233895924
3.0754381695320774
3.0790153529952673
3.094613546121657
3.1360610725996443
3.1461982727533924
3.1492531185775414
3.1845345428058276
3.1863731230417236
3.248396946642895
3.2489755765702593
3.286895372152901
3.287358978244837
3.3058517780324834
3.3084696810629826
3.40065438197488
3.4100557547936283
3.436219602141868
3.486603821664031
3.494436235476046
3.5120712107060137
3.5250642676553188
3.531108722651102
3.5552396114162184
3.576851257426929
3.6378608220356234
3.661976211310183
3.7153236249354817
3.7561952280696964
3.8051036403866547
3.8198592030193295
3.847017709674962
3.888427505037256
3.908886605693773
3.909166208194857
3.9265051427139306
3.9399929397918925
4.014911142871634
4.036217025645449
4.079325138838986
4.088274676612703
4.120452931392498
4.156351860441871
4.177133151557337
4.182113220795127
4.198364910716713
4.203814744506484
4.21588386892969
4.2238223913212245
4.247269394613367
4.256688959968295
4.258510538207944
4.269139546813749
4.301212380823265
4.401832427709148
4.418144448659748
4.431094154291635
4.4796034918817105
4.502836711716294
4.506711206080291
4.546951861159411
4.574882857661993
4.594208720106049
4.597875025438412
4.61699393075451
4.643872327291623
4.649208640367843
4.6559118153636385
4.672720927928531
4.7267763415064605
4.735843371627225
4.746126681306355
4.746352410190404
4.783878529673647
4.803295420203552
4.808365334262508
4.821515021535885
4.823376666483706
4.8411239877426535
4.868791569673018
4.872241226072264
4.87708144723075
4.897653818845087
4.899718991850303
4.903891428198637
4.9437711546407535
4.950444614754522
4.95755962704906
4.9579827011858875
4.980124958171884
4.980422062550416
4.9848008532507455
5.021520084966814
5.046053517409193
5.092613494373022
5.120361268746859
5.171358543900442
5.182794004753302
5.184329912383601
5.215147898925624
5.221385210489761
5.257671264049092
5.333047289526377
5.356007233957087
5.420387237523049
5.424680609485915
5.489728519615462
5.502278446734984
5.509588953574511
5.522644150073093
5.572127481009236
5.575204369835268
5.643487424415938
5.918028536019047
5.977980189608725
6.0652804852559
6.153601550296482
6.200342370356848
6.2045847714458535
6.262863696936297
6.282710901330735
6.285823956813775
6.54168164584788
6.626223326770176
6.645195742515345
6.714805115967011
6.731441847769548
6.745973894056183
6.7487489505176415
7.404196424249925
7.529694827528074
7.884835235368295
