0.30592102916211195
0.4537512227794933
0.46901093381844894
0.6291100701613165
0.9494921285239231
1.0549702120355868
1.0601537707508362
1.1157367349938603
1.1174235475617356
1.1334174284669398
1.1581563898845877
1.2059476714814867
1.2211475457306007
1.2528899840959524
1.2885519842370128
1.2982150064637876
1.319707771037825
1.3405652601389686
1.3517419587261146
1.380472497855484
1.4268282204776228
1.4333426275798693
1.4631207435623195
1.498509066186597
1.5013980311598116
1.5054157533656056
1.5344852704346483
1.5354107880128032
1.5431547118903293
1.5507660563829293
1.5785386299785211
1.670555906886677
1.6737640430569214
1.6894845349891305
1.6994690933081649
1.715478610361898
1.7426915285310947
1.764867088374793
1.7873793151288835
1.8002884555156442
1.819719598946737
1.8226372555464878
1.8382049744821254
1.8425615761229466
1.8584175901309017
1.8883195330485023
1.927910921510383
1.9602447463559802
2.0152954689274685
2.0325107254631547
2.0360873229843697
2.064712318453327
2.065739779536682
2.0848248531410443
2.114093413430678
2.1484903448608086
2.148805437545933
2.148944316546044
2.1579653749106855
2.219825420741793
2.2407589651448054
2.244064087051521
2.3127800285781515
2.342510309313654
2.370422069836435
2.39277982097753
2.439800301705869
2.4685568538748095
2.486094303777975
2.5036111589847887
2.512749312929466
2.524387673166313
2.5291837079310238
2.581537995301393
2.587111920075078
2.603430353307898
2.6360331237872807
2.672281350488434
2.6760369794019394
2.6869335318446685
2.691090736138606
2.7463171204126304
2.7482145269452203
2.7905158080400754
2.79484246367828
2.797241802563651
2.8251912062239537
2.8711788759705876
2.8949766860316926
2.9546356609265674
2.967636730972769
3.027334353273795
3.06742883705737
3.074052840587686
3.104440423351678
3.121975812723034
3.1530532958319757
3.1790767024184676
3.1840289465538625
3.191378389816931
3.2035062523239333
3.2750339334828156
3.3011304078494432
3.306181097956885
3.313446624947729
3.3374104954819312
3.342581126581053
3.3552141197346157
3.4287054871056304
3.4296780496120083
3.4410820240372373
3.4602675394774134
3.469795484282108
3.5097550683110343
3.5343370491705457
3.5491596203741214
3.5671892699266827
3.573809178286627
3.619617366696142
3.622533639917264
3.632288876034563
3.633652403754275
3.6361734596112507
3.6387867722044653
3.6401862663344957
3.6444584337723915
3.6457450953664763
3.6804664676568293
3.69585118121777
3.7128803168364803
3.7190703886771823
3.77277861483656
3.7984207278053166
3.808775007951267
3.8165342846845944
3.863855908895699
3.9013690162242263
3.930592169335435
3.9672791815604462
3.9772799898621933
3.984158007780845
4.000828364438523
4.020132927086512
4.032850473110813
4.049994634168205
4.056992645773632
4.068096253942473
4.095241470253034
4.09805226779411
4.10054793673109
4.159131192393113
4.171772789405845
4.191272947314944
4.210004812239144
4.219075501694607
4.221056268588045
4.25470643736184
4.279096258344896
4.29768304380883
4.317253312506355
4.332304322699112
4.346408590007844
4.399639322832013
4.412015240019004
4.445709431476425
4.457096134942462
4.4856528655854495
4.4959976885539525
4.524047492745304
4.532208411083252
4.5331784300014615
4.571167083323945
4.6092712442144546
4.618039031316419
4.6677039920210435
4.677479607279058
4.684224077098378
4.736014830566003
4.748650332705345
4.779119603051172
4.827521352076305
4.8378254893564
4.858109477248595
4.858791555687882
4.937276865219446
4.9571660861026565
4.96426850719503
4.983006958834179
4.984864901983601
5.0791745977754985
5.136108325247653
5.147636342441652
5.1531624172462545
5.180968701265182
5.181577990702432
5.192345502477216
5.194438035463102
5.225730703089127
5.244004262021721
5.328984727281231
5.354670022844319
5.4008126951587645
5.457737904672834
5.463052781993662
5.513306298934233
5.523644297894251
5.528659887434102
5.548226340049614
5.5528544198440635
5.598343968615362
5.5999002887469365
5.64347718454844
5.651197516890726
5.661996537841349
5.663095677686578
5.7367152465602675
5.7459052385360145
5.753514059795778
5.781061790087635
5.8227958143269145
5.829813056404706
5.8434787564744735
5.869447859547611
5.872373907110205
5.885708672474489
5.895347505302932
5.910817408135733
6.061238488175146
6.075023431376672
6.113330557629811
6.145703290011705
6.186143875730863
6.225985291019533
6.22847808404695
6.2918680542285825
6.3805287334274166
6.385620670799298
6.406516057405347
6.60238403372516
6.609726082660533
6.773433053891689
6.923225949752792
6.964357144030862
7.184754143535644
7.193266600664738
7.256284370184029
7.406833848727651
0.06760115285896925
0.38515300733478597
0.4022539052300233
0.4166955436342292
0.4388963821779598
0.4844893442830202
0.667002424544129
0.7075793448745812
0.7485832674165089
0.7725511962587022
0.8671896239886516
0.9229215050403339
0.9419179231406027
0.9595883654401144
1.1325524982370903
1.168764927976007
1.230683067474253
1.2943399367747224
1.2995102805427576
1.341473369265264
1.3746834097089933
1.375296396060966
1.4072351805882453
1.4844811293388607
1.5485085937097496
1.5795616718213052
1.6107284276299014
1.7520933641709542
1.7697969890590186
1.9078202482969364
1.9434468250750363
1.9556501280414345
1.9673493874760557
1.9685739854257056
1.978736977276266
2.064219356931752
2.0692277918164264
2.3197883306167597
2.3589051966212855
2.372918613872624
2.3976349915651407
2.4010164801539995
2.4772537866532205
2.490925646820726
2.522539592841958
2.629855756447278
2.7250612312998816
2.7577378520206675
3.2054555098021655
4.053034952480022
0.32615527240358716
0.3360143553237828
0.5012767524944116
0.5197456758750081
0.5719839469692378
0.5928893376389631
0.6465218433383149
0.7192594744847174
0.7998471368200812
0.8401182449089131
0.8481831061719033
0.8984940343693714
0.9421502469948134
0.9900233533172114
0.9947957801779099
1.0384722882386541
1.0947312454328655
1.1590651438863735
1.1613715471014656
1.1741573150254565
1.277591657522922
1.3083148449812598
1.312567811542143
1.3187537045943813
1.3675341651367727
1.4076804774588942
1.4347676701017822
1.448237737644526
1.491337372154598
1.5013605411151014
1.5281373256789228
1.5342429181316826
1.5851542199721664
1.5875011039316655
1.618338874878304
1.6302508688832757
1.6874302491359903
1.6896356307609177
1.7182227572107878
1.7208059727535254
1.724507314237288
1.7351999847254944
1.7378857941606558
1.7378869727141695
1.7616202845691544
1.7740913309346498
1.7862525763837862
1.7913978266326267
1.8060057741916684
1.806393769831101
1.8167575731770254
1.8258550154682505
1.8612318442673017
1.8810500827855314
1.8949772022028193
1.9856637623122504
1.998516657676262
2.007225380188989
2.0258976159777307
2.066912259975712
2.1040483976721935
2.127036587900683
2.1779823685013575
2.261935599536947
2.262379207309735
2.2978472290775236
2.2982852000932246
2.307855669833294
2.31784538333869
2.4056604796241614
2.4069516610593227
2.436182831223648
2.466501441497374
2.510639429542539
2.521641564243951
2.525060240187089
2.5361858018119703
2.5410766482914946
2.6458110384245455
2.6465633965692468
2.7219480687895254
2.7354555379064798
2.743031530793693
2.786009725574476
2.8047896211125765
2.820054669871209
2.842840538454806
2.882246529729964
2.900326709583619
2.9059331468340632
2.9059466074265483
2.925566064957664
2.948501836791199
2.950501737017534
2.990765156482244
3.019545550697061
3.0202744233895924
3.0754381695320774
3.0790153529952673
3.094613546121657
3.1360610725996443
3.1461982727533924
3.1492531185775414
3.1845345428058276
3.1863731230417236
3.248396946642895
3.2489755765702593
3.286895372152901
3.287358978244837
3.3058517780324834
3.3084696810629826
3.40065438197488
3.4100557547936283
3.436219602141868
3.486603821664031
3.494436235476046
3.5120712107060137
3.5250642676553188
3.531108722651102
3.5552396114162184
3.576851257426929
3.6378608220356234
3.661976211310183
3.7153236249354817
3.7561952280696964
3.8051036403866547
3.8198592030193295
3.847017709674962
3.888427505037256
3.908886605693773
3.909166208194857
3.9265051427139306
3.9399929397918925
4.014911142871634
4.036217025645449
4.079325138838986
4.088274676612703
4.120452931392498
4.156351860441871
4.177133151557337
4.182113220795127
4.198364910716713
4.203814744506484
4.21588386892969
4.2238223913212245
4.247269394613367
4.256688959968295
4.258510538207944
4.269139546813749
4.301212380823265
4.401832427709148
4.418144448659748
4.431094154291635
4.4796034918817105
4.502836711716294
4.506711206080291
4.546951861159411
4.574882857661993
4.594208720106049
4.597875025438412
4.61699393075451
4.643872327291623
4.649208640367843
4.6559118153636385
4.672720927928531
4.7267763415064605
4.735843371627225
4.746126681306355
4.746352410190404
4.783878529673647
4.803295420203552
4.808365334262508
4.821515021535885
4.823376666483706
4.8411239877426535
4.868791569673018
4.872241226072264
4.87708144723075
4.897653818845087
4.899718991850303
4.903891428198637
4.9437711546407535
4.950444614754522
4.95755962704906
4.9579827011858875
4.980124958171884
4.980422062550416
4.9848008532507455
5.021520084966814
5.046053517409193
5.092613494373022
5.120361268746859
5.171358543900442
5.182794004753302
5.184329912383601
5.215147898925624
5.221385210489761
5.257671264049092
5.333047289526377
5.356007233957087
5.420387237523049
5.424680609485915
5.489728519615462
5.502278446734984
5.509588953574511
5.522644150073093
5.572127481009236
5.575204369835268
5.643487424415938
5.918028536019047
5.977980189608725
6.0652804852559
6.153601550296482
6.200342370356848
6.2045847714458535
6.262863696936297
6.282710901330735
6.285823956813775
6.54168164584788
6.626223326770176
6.645195742515345
6.714805115967011
6.731441847769548
6.745973894056183
6.7487489505176415
7.404196424249925
7.529694827528074
7.884835235368295
0.05063505595252528
0.0954808866553227
0.11788328334284102
0.22048553293045287
0.23830977144759444
0.23960866685862922
0.2579666383016106
0.2732358422580641
0.3069074031388748
0.321321439738548
0.325431118002724
0.35166583559915937
0.35807560600021177
0.36108866077648405
0.36869757525034924
0.3688695949465495
0.3725843526668603
0.39303518943571447
0.39740261721090453
0.42601656936689086
0.4424585528840612
0.4426483352888899
0.45074594768343834
0.45654923242516665
0.46192084879272916
0.46710590604457713
0.49823613092321617
0.5160244073182327
0.5177711385637931
0.522266708419686
0.5270708139057071
0.5298820086716076
0.5355404132876684
0.5414363861656623
0.5455125799930416
0.5658357061925132
0.5669976393780684
0.5677477252123713
0.5846758335090776
0.5890102198888991
0.593593393718027
0.5990668656070354
0.60062111351781
0.602566588732094
0.609375559413976
0.6094926176482397
0.6154164352428518
0.624497775513472
0.6262179499469676
0.6298364431896408
0.6304986818926017
0.6352384910806239
0.6450576614968351
0.648363084836987
0.6526127238577543
0.6648133009345276
0.6766029209511939
0.681441945492377
0.6863398452489412
0.6889712052775975
0.695870127235487
0.7010871361928287
0.7051452700399703
0.721003757769646
0.7363853733051403
0.7391847492198501
0.7417989538082052
0.744313359717364
0.7497040403765705
0.753636204169341
0.7631969953917994
0.763691496421143
0.7655174471747357
0.7702362434982077
0.7704975016252618
0.7729177527417453
0.774386349659333
0.7791445586342598
0.7818462064382994
0.7861815842368266
0.7871259925144323
0.8035420140233632
0.8077525838652135
0.8087163534141761
0.8141058231377061
0.8149918711890792
0.8153029877450229
0.8171361213218481
0.823089890248254
0.8270392208863198
0.8498614162767016
0.854741317807778
0.8577617414780283
0.8588537414315228
0.8613442999803022
0.867925322804046
0.8793483505412648
0.8796227113086539
0.8836318132127399
0.8864095884271649
0.8888218003905142
0.8950267427892223
0.9069875964001991
0.9165288003551386
0.9211766908923217
0.9318766889587897
0.9401146103487292
0.9601830625263219
0.9612518539346673
0.9628861255680567
0.9707037115853716
0.9759937908186213
0.9806723479375036
0.9831775656260371
0.9842618916766956
0.9858420020380141
0.9861157176424079
0.9913926039653417
0.992068321980383
0.9969148610446061
0.9985840908794699
1.004052409940806
1.0084836150276772
1.0134693428703727
1.0151019023841752
1.0267552239651483
1.0383372058571931
1.0510716287603372
1.0561237303399251
1.0612924339151562
1.0621886996437193
1.0790205223857656
1.0879934305744385
1.0881240452214396
1.0891654614763433
1.0951516735970297
1.1044917508872683
1.106035539986398
1.1127039245428887
1.114577187286557
1.1182015537978347
1.1227314232079542
1.1485934162865061
1.1559529952448895
1.1602405847896395
1.1628459634329715
1.1793209578663746
1.186022583606804
1.1931643935164105
1.197441688121619
1.205368638171804
1.205380747952271
1.2104698476419038
1.2117591028480799
1.214466278064575
1.2148904932506541
1.2270223112548093
1.230355928116453
1.232255115935165
1.2356072337706345
1.23725996411629
1.2388244171594096
1.2427650971945676
1.2437638764806467
1.246271790506392
1.2485549257070165
1.2485753847513075
1.2497881120667163
1.2599907777250152
1.2761364666218413
1.2806387670896033
1.2886912927043994
1.289455932216654
1.2985615495341643
1.2990140696009536
1.3027720945340349
1.303518561940089
1.3114042488080127
1.3150203191161438
1.3164515508788242
1.3202975981509313
1.3205035935635663
1.323047511928463
1.3255291910503153
1.3274231751351453
1.329394370222936
1.330396286936452
1.330671023970605
1.3309829073307289
1.333497177512025
1.347732061606658
1.3502607640249555
1.3507689528767115
1.3537683085555754
1.37595644967322
1.3760269695321754
1.378501164992103
1.3842959481340387
1.3937035093155712
1.3951724150041873
1.4033902614634446
1.4065249336467156
1.407696698659303
1.4122103837706794
1.4236178362707794
1.4295304321111244
1.43542039656186
1.4356561864323694
1.435945068646959
1.442446771832319
1.4425552609379175
1.446807999945857
1.4501810790378142
1.4562522166376346
1.4572921147001854
1.4653049700127534
1.4686602195406337
1.4777774348706512
1.4782685005835745
1.483229475991382
1.486203864201198
1.4929757315606735
1.494699035953894
1.4963460702715523
1.5002203011104513
1.5010389522929453
1.5054080301937223
1.5064227718029226
1.509322443394422
1.524922396442415
1.525662120880863
1.5256980034557812
1.5262952024148833
1.526574520325298
1.5280996012456556
1.5317308136643457
1.5406171783357854
1.552478917293039
1.553458873601807
1.5582217672845595
1.560477092533034
1.5628840835712692
1.56725485821723
1.5678639587388972
1.5699312840362956
1.5761279205765586
1.5763699878964548
1.5819244516151851
1.5858891946306324
1.5972480397728557
1.5972621572231385
1.600025585482184
1.6002530427088906
1.6040301324201205
1.6069181353131592
1.6280738057384094
1.6337503874290604
1.6342190319187933
1.6394420315351304
1.6398013091348167
1.6437290424716817
1.6448974239534628
1.6449352600496767
1.6488659142060287
1.651860682889339
1.6574950722893496
1.6579559093011027
1.6632909052520704
1.668817644718715
1.679228522919924
1.6821173224947348
1.6860987176623128
1.6869862011130714
1.6955428462887872
1.6990024835825739
1.7006462278428163
1.7031055884533002
1.7145442281833314
1.718383843682534
1.7275576124390586
1.7283509047923729
1.7321032032899137
1.7373346174492839
1.7476140909915112
1.7558288370665096
1.7566698290109124
1.7720095204050925
1.7739058467258664
1.7759470572603588
1.778097670812246
1.7847556772731092
1.787486633528403
1.7902661213406699
1.793601184834948
1.7978155439649501
1.7995357257099531
1.7997132432703027
1.8066442041034665
1.813617117104018
1.8150558385484188
1.8240413582006234
1.826707924428402
1.8335448842167141
1.835643239976085
1.838912660269771
1.8415236642976822
1.841915617247131
1.8425677604128405
1.843731724219565
1.8475755716523325
1.8492772011946979
1.8522261347399
1.8596450951923553
1.8612963645454652
1.8678643066988285
1.8741681398505277
1.8767993560817589
1.8858822399394477
1.8959064963763255
1.8981384510451706
1.9051257963024457
1.908758974369394
1.9090194136859888
1.9232869656881184
1.9265462836858842
1.926609224008235
1.9332372387524144
1.9352867476268436
1.9472602212618897
1.9473747029884914
1.9499355211379186
1.951246382146734
1.9582654684542677
1.9674991524586125
1.9733878903030122
1.98208189349364
1.9822881136941715
1.987603890889217
1.9985634643992198
2.002333243150358
2.009929495216638
2.01796868361096
2.0190028713504207
2.023984078150033
2.0242246773810453
2.0295272183414497
2.04638321986216
2.046743930230323
2.049981913630082
2.051205752522658
2.0544626097506677
2.062266703865097
2.067240893966683
2.0714757353629016
2.0886975561888947
2.0908440056657627
2.0927375999470383
2.0930312989496427
2.1160016343793218
2.1208631816667656
2.1385359131205783
2.1398511486383436
2.145141999862799
2.153474506859472
2.160670075008132
2.1708612721423344
2.1802691515104704
2.1851364527095853
2.1924721308700255
2.194264769383599
2.1979407393148147
2.2000128577720988
2.2030662336123945
2.2152847204997093
2.221474609301129
2.225582451393628
2.228306999140533
2.2397563975030845
2.265324688109726
2.270192711668554
2.279275876347925
2.280090241924688
2.2812774094093267
2.3020648951724323
2.305056388743864
2.3295413036976518
2.340263425509354
2.4116882390115473
2.4184941978584615
2.4430717489712883
2.446361518672081
2.468632646692582
2.485878582911882
2.4878556301321613
2.5033950454737
2.5083619148805356
2.5206881711454923
2.5282426548160304
2.5305566044950316
2.540153492992765
2.5628432837156394
2.5628937596194206
2.5971170817321036
2.599129902047054
2.611249216129718
2.6271885896148217
2.6381872940727433
2.643974739987682
2.658664830630913
2.665645093830769
2.693108319041917
2.7285125713177685
2.731165577846425
2.7367049209273766
2.7420251524427393
2.770684535196101
2.786634512021218
2.8102411105781
2.9124439976406262
2.9159450981451553
2.935438212743686
3.004769962663955
3.026142786520193
3.028807833270122
3.1154664577720945
3.1345356739574877
3.167196761660974
3.22124540530558
3.2366218276778804
3.2577465812070154
3.27969226451225
3.32563345999218
3.3621811051124024
3.6379688037291222
3.807825241907902
3.8330307578731846
3.928536142425743
4.044992957717248
4.063627116923312
4.166054307766619
4.79729339856849
